9.699452129447820425e+00
7.159769251203632834e+00
1.175754674086538998e+01
7.315987457609097078e+00
1.761141278488165796e+01
6.242662780733446048e+00
7.647278478171448235e+00
8.114420981402108879e+00
8.752323054094675925e+00
6.352114164137415031e+00
5.438641132377939336e+00
6.745661406018194306e+00
8.243225867076509061e+00
9.515163326411748557e+00
9.069398758819060546e+00
9.596729431470908622e+00
8.699564955497391949e+00
1.246855490828116508e+01
9.110602675424047447e+00
9.516393319910678272e+00
7.469997413943687548e+00
1.112810490645273198e+01
8.382707055420867803e+00
6.988520366353554003e+00
6.066633489803415102e+00
5.828829133230176041e+00
1.479468921706291162e+01
6.121734468988068834e+00
1.411198657087353681e+01
5.407449563898285128e+00
9.768308048376134423e+00
7.961383038999223949e+00
7.637622944413926085e+00
1.116028489523934653e+01
1.040672291399620875e+01
1.257719133206998841e+01
8.412698074923827818e+00
6.820586588930036775e+00
1.024051026168781497e+01
5.734426376865417119e+00
4.688466051142736291e+00
1.254266212006248971e+01
6.621878525858107878e+00
8.745182838448101847e+00
1.509069489638579142e+01
1.030686856815655439e+01
1.007598105792252063e+01
7.438475149376349016e+00
8.165546902939421869e+00
1.191391965147515464e+01
7.634459875244637317e+00
9.093511186348390396e+00
9.998050435842765538e+00
6.385288637992656113e+00
1.352200408835090428e+01
7.665625102540740698e+00
6.856896103711171975e+00
1.022092533419348293e+01
9.576199756714075306e+00
9.911881645285776088e+00
7.276993169507488979e+00
7.945296995691591313e+00
1.395854099949777627e+01
6.580666599483116386e+00
1.623838717937855947e+01
6.478348870504603063e+00
8.434880006282456932e+00
5.679928003494778999e+00
1.308661631821323468e+01
8.393991127310199474e+00
5.728627399786672569e+00
1.417449984847982236e+01
7.921338191411043894e+00
1.042796476401062122e+01
1.309057360029640549e+01
1.371272025981249065e+01
5.910229058021704951e+00
1.220313522910154624e+01
7.027795528190357466e+00
7.016574556121557116e+00
1.089328107232073961e+01
1.105870081773688618e+01
1.493144753418523152e+01
4.909738448943153699e+00
4.902659765688968108e+00
7.908946930899658057e+00
1.986553900388975435e+01
4.036102587128658215e+00
1.574576650640467435e+01
9.183568509527242796e+00
6.069665713131219498e+00
7.016052118981513708e+00
7.701448701899114901e+00
5.918517223496206903e+00
1.500249537381942488e+01
7.356695994662701743e+00
9.161090589797426631e+00
9.062972615475942462e+00
8.827499427030591761e+00
1.539553430983602311e+01
9.939235067042771377e+00
1.771524994089748972e+01
1.105532428036410941e+01
1.215418756117756338e+01
9.245359884249065630e+00
4.307951751971425658e+00
8.839646018942904249e+00
6.845233792113409876e+00
8.594187459671623230e+00
1.027069008078187906e+01
7.998351766744834279e+00
1.007658015947531993e+01
6.302126453908722503e+00
9.912113886217523984e+00
1.330145091988348938e+01
1.760911736374233527e+01
1.372490811519380927e+01
1.204826854266297786e+01
7.760453973824184892e+00
9.857704577639399446e+00
9.152671263489049025e+00
1.106088142915555750e+01
6.017577820970367419e+00
8.904166319114802164e+00
6.142722620326440897e+00
1.290460937212422721e+01
1.239957779302036656e+01
1.366009132808370374e+01
9.134039081698119844e+00
7.484221869338825606e+00
5.133408371056416009e+00
6.232925713863732398e+00
6.011112397306794364e+00
1.483526337043492482e+01
9.505741495601769842e+00
1.275532193586236573e+01
1.680454496231478245e+01
7.101413672826584644e+00
1.025635867779229748e+01
1.213382849514421125e+01
1.348115518503165866e+01
1.039477014439684766e+01
1.453125522322138785e+01
1.052536574837776762e+01
1.769688084173660769e+01
9.420566750091520447e+00
1.531112548590691169e+01
1.213313360189846257e+01
5.415415260209124781e+00
8.871709042688662450e+00
8.415880390701360625e+00
9.025186024452947819e+00
1.507038451580629967e+01
1.249728754776250739e+01
1.201342731419707199e+01
6.843013665417123192e+00
7.605330938847850497e+00
7.979063910773439794e+00
4.941454151442944642e+00
5.306899161996478043e+00
4.711248590157842919e+00
9.163311900691681444e+00
9.051274829677346645e+00
8.140943540955026592e+00
7.420420792116683373e+00
1.147950835277272930e+01
1.475483860155290472e+01
7.801863065524924146e+00
1.118330203427165692e+01
1.078793265807637880e+01
1.537509739566323930e+01
1.001691990780639863e+01
5.330321625242401495e+00
1.149830451198510062e+01
1.585510564129116595e+01
5.947569092347252173e+00
1.659921064991364403e+01
1.283633392436079035e+01
6.145451786935731242e+00
9.223041428273580422e+00
1.491931816667048061e+01
1.398117574611753788e+01
1.026578516801052743e+01
6.654315908089897924e+00
9.984069757160069614e+00
8.797753315980298083e+00
9.074106233029230140e+00
8.456795976728599840e+00
7.898365473050972696e+00
5.373673436639823997e+00
1.030012448854179574e+01
1.367582330235594057e+01
6.884562670125911055e+00
5.890505281445718389e+00
6.601462937002586351e+00
6.955665180657844893e+00
1.234421372217919632e+01
1.143428372576564200e+01
1.137493536211163914e+01
1.283629975222325825e+01
5.646595109778171917e+00
4.333819726967631070e+00
5.716879214068063320e+00
8.873802863657365592e+00
9.027653704757931052e+00
6.828718982057988107e+00
9.974268980795981676e+00
7.051177922904047435e+00
7.624916231538938938e+00
6.807095471628094252e+00
1.034726922682714267e+01
5.828159351748225525e+00
6.849616151058193658e+00
7.775744660923304963e+00
4.990205031964086935e+00
8.994797706053908826e+00
4.973637834795908930e+00
8.448463739266562911e+00
5.231044671805736179e+00
6.649043723892880564e+00
9.243869181349655406e+00
1.418243940912861234e+01
1.225068926135528180e+01
8.443512172434219920e+00
7.541551498639358364e+00
1.109101826635790999e+01
1.149049366535027339e+01
8.286899297106367968e+00
6.308252775140935853e+00
1.095876354562069821e+01
8.714405224866661470e+00
6.479811427855918460e+00
1.121344751870764433e+01
1.188260953162487077e+01
5.689141282446082748e+00
8.548379104792317662e+00
6.027110903942188180e+00
1.101501070033201657e+01
1.009478501277556184e+01
1.890704054210774387e+01
9.386944285931967613e+00
6.424333746509275578e+00
9.817575835962440323e+00
8.854475748443650929e+00
1.087477154489556241e+01
1.111016070374062004e+01
9.036955912186625639e+00
6.753352884450271709e+00
1.191458304099351651e+01
9.627244697218026559e+00
