1.848306893780242710e-01
1.192450720634080363e-01
1.189712929491869020e-01
1.211500653827105450e-01
9.467679615567088369e-01
9.174531328984786294e-01
3.078596142630969368e-01
9.128486165392971780e-03
2.257177104594695893e-01
1.869369193967628517e-01
1.696035565707871562e-01
1.180880901474080646e-01
8.282027591121142729e-01
9.060882433036178407e-02
8.550646715511770468e-01
3.836658433300584731e-02
2.879826077937052142e-01
1.517927009833683893e-01
2.689205888778687381e-01
6.145884920302766702e-02
1.429994316902478690e-01
2.214818521096809378e-01
1.207313504432913909e-01
4.368658930077156527e-02
2.179432525311119084e-01
2.188780971228495853e-01
3.747429602706337515e-01
9.524493890575787269e-02
9.641411146109160613e-02
1.135007819455974842e-01
4.103868992253470460e-01
5.778125545351320280e-01
6.733223636827444236e-02
1.820762115212607446e-01
7.256597699452750627e-02
2.904645814219325439e-01
3.636137762747834179e-01
2.802502511413159092e-01
1.026729874708121326e-01
1.749777607179146821e-02
2.265624627102294508e-01
6.747018088376016687e-02
2.002202322923615496e-01
3.132809662606834133e-01
8.817433075682973298e-02
2.200508297993055695e-01
2.528357819551934615e-01
3.614023538979871386e-02
1.414444893343292375e-01
1.551589317912079047e-01
9.328551289882009989e-01
7.366555390631303046e-01
7.835301566609521595e-01
8.623647513262207021e-01
5.896458689607454451e-01
8.485572502130921402e-01
9.129889411090916784e-01
6.715611693869895094e-01
6.505000945937834400e-01
9.569874909625067927e-01
8.985210274633921301e-01
4.193474059242893737e-01
9.779993334920199510e-01
6.778968996109349110e-01
5.147011927578282187e-01
9.799013148168054244e-01
9.536337851019002221e-01
8.127704321897627482e-01
9.030667569405493866e-01
4.248884043880197248e-01
6.252247593330084730e-01
4.761907478278690209e-01
3.454961967297789927e-01
9.851965884042054311e-01
2.578541695526706534e-01
8.494738723163919314e-01
8.250470913467060630e-01
7.255325389972319128e-01
8.268815094811060584e-02
7.655216678135737807e-01
7.584590954516280403e-01
8.919152259858218468e-01
8.956204013609360137e-01
9.635357530538806170e-01
7.657068368156241256e-01
9.554915251733808734e-01
9.957761445775151765e-01
4.074284287812933170e-01
9.813931154087276454e-01
8.999501103416945869e-01
7.374370200581815693e-01
4.914270057263271929e-01
5.685515870484444401e-01
8.607610299618261296e-01
2.179965721502825082e-01
9.490646173230831151e-01
8.922801692024198150e-01
6.728473112913668785e-01
8.266722101639307763e-01
9.794470916086714940e-01
