8.395905142632946461e-02
4.127474977508561182e-01
2.118094104640173003e-01
6.138587879452058610e-02
4.316272162210998964e-01
1.892561851062973810e-01
9.996471730240990006e-01
1.700224202220773917e-01
4.510928148417237687e-02
3.194437691068793272e-01
8.113774406354233859e-01
6.280052973983939191e-02
2.777037133956796189e-01
1.717340822057855931e-01
9.388549732031681305e-01
6.148189734992898225e-02
2.134253049316393591e-01
3.052310206851411856e-01
7.764684253713056705e-01
1.797198617092767847e-01
2.535053608194629549e-01
4.592825783731289274e-02
1.907898460424486964e-01
3.624216270159812958e-01
1.158860843550295477e-01
3.031924934784671621e-01
4.170681467237959406e-01
3.637059713704216685e-02
3.273328428123724321e-02
1.249457505476213315e-01
4.877989008729975706e-02
8.181546626536743971e-02
4.169695829318609964e-02
2.281170657086807885e-01
7.361964332986042914e-01
3.598742111507903241e-01
7.438386523982241927e-02
4.661250944288296560e-01
1.009596822899880841e-01
4.905078929106671676e-02
2.394332082078719504e-01
4.266533413964719856e-01
7.963051705231302679e-02
9.596472267216601959e-02
9.144104634872832760e-01
4.383916139415670876e-02
1.643796562537358785e-01
8.681197575202845296e-02
7.182850097019076452e-02
2.407152513242512004e-01
9.997969348034316805e-01
1.932322135236124450e-01
9.996727589199582154e-01
3.894795521572653185e-01
8.518373732045072533e-01
8.968113748380739381e-01
7.202721416656898690e-01
6.053466696780066547e-01
6.427848509686941991e-01
9.497304660707136525e-01
8.275765228108991067e-01
8.430963508294669895e-01
1.820338915541483416e-01
8.807313420544231608e-01
9.644594097457771520e-01
6.514059246508425716e-01
8.289144615350906298e-01
9.986069504539742958e-01
3.793487226313733696e-01
9.482520791773215718e-01
9.774244086097936268e-01
3.118115951126384511e-01
6.300748685452955966e-01
4.262022474224844704e-01
8.020873870112293913e-01
9.912836017866897276e-01
7.102157301061514660e-01
4.702087207734534924e-01
9.820117305323934342e-01
2.498708403672282308e-01
1.602604830745719411e-01
9.998601128207125210e-01
9.681688044709710894e-01
9.343402462471659398e-01
5.085322634486373339e-01
8.780018336013213354e-01
8.046773702617190382e-01
6.498029884760188057e-01
7.525089868982310914e-01
9.999454554726517896e-01
2.342785725854252543e-01
7.147137626919058961e-01
6.953308880671176251e-01
8.041847088787812403e-01
8.354013748988723398e-01
5.220584791672655545e-01
5.029738557814044109e-01
7.232956640366020595e-01
9.979439320225363952e-01
4.142511836155013949e-01
