1.849953337963189948e-01
1.220791153064171020e-01
1.207852834967049621e-01
1.228427194437150399e-01
9.455383373759802534e-01
9.166822349592033126e-01
3.093723093842066785e-01
9.361829914020947802e-03
2.275558602520605933e-01
1.893130713175712743e-01
1.697399271602879067e-01
1.204080283785078642e-01
8.265533099532219596e-01
9.178534931411516662e-02
8.516397137795382877e-01
3.987170063430529876e-02
2.916344816415562535e-01
1.510439877980477574e-01
2.708835857533166691e-01
6.273139763444497696e-02
1.450786927083114464e-01
2.209632019640474510e-01
1.217282309852342204e-01
4.457694353603385007e-02
2.213137546093190966e-01
2.223133600074239102e-01
3.785960663552694339e-01
9.805251710505033524e-02
9.844233682964755039e-02
1.150523487669960487e-01
4.122508264018692192e-01
5.835676369521165530e-01
7.013397235469390201e-02
1.849199339525262886e-01
7.390333519817000874e-02
2.900645567048349971e-01
3.640263853185420895e-01
2.808386177503570669e-01
1.038725373185876155e-01
1.818640948021826853e-02
2.285281406293775130e-01
6.809466479580200682e-02
2.028854515275639037e-01
3.156093254718490559e-01
8.909837287042977894e-02
2.237065374953628172e-01
2.562076747457955328e-01
3.695713821039751934e-02
1.410424749423889457e-01
1.568386884847446094e-01
9.317855755325076261e-01
7.358836243389837994e-01
7.833305536421952819e-01
8.592675208406632681e-01
5.865927228934768589e-01
8.451064952172452349e-01
9.096532645879559231e-01
6.675485729388072054e-01
6.507423247140732281e-01
9.565950933272550083e-01
8.962023761185581305e-01
4.227020740207224625e-01
9.773337772523212896e-01
6.752938634585572419e-01
5.098909783257855599e-01
9.794628855105931287e-01
9.524517947107902227e-01
8.125922125115729866e-01
9.021820086755801826e-01
4.216910684263176501e-01
6.252297764873451236e-01
4.783866352161893487e-01
3.509581962519803255e-01
9.847919195976815310e-01
2.575119945501314067e-01
8.466291335983920918e-01
8.244665108900811612e-01
7.249136108070148854e-01
8.390147432197274380e-02
7.632555600825318143e-01
7.534911264891052118e-01
8.903322709138822288e-01
8.931204499595777335e-01
9.624907499097895558e-01
7.666126826327045451e-01
9.547908339562360958e-01
9.955925620700197820e-01
4.095736104273902112e-01
9.809345620424821943e-01
8.975747114456646969e-01
7.353312156993743187e-01
4.907089544429925621e-01
5.643886822644912371e-01
8.609824539022303824e-01
2.190553037710978035e-01
9.477372885409662828e-01
8.910611597488977687e-01
6.731991938597485792e-01
8.274172566817087349e-01
9.788009697102010298e-01
