3.385696443090109864e-01
4.404783208492665803e-02
4.040890408968389469e-02
6.938101220621764598e-02
6.963215565500323334e-02
1.556254781114211061e-01
8.088014882537955530e-02
4.245859116999449456e-03
1.328307238667482959e-01
2.541355798125944851e-02
5.176085100640535896e-02
5.526272436830016732e-02
6.855958558972286010e-02
7.180016165448821486e-02
2.175436110496417608e-02
4.946747792647898656e-01
1.866259543032983484e-02
4.141194467861357420e-02
1.055460393369706401e-01
1.340992133779086298e-02
1.438954186217722420e-02
1.457645207380895702e-01
8.115744575477860934e-02
1.070943395183263924e-01
7.051019239198934481e-03
8.970619614142010673e-03
3.295701510093526632e-02
2.576240607636928748e-01
1.814921006519084126e-02
5.906281370397582497e-01
8.790904326833265392e-02
1.726906859059429769e-02
7.215140057243930177e-03
2.117441981304622398e-02
2.172800685010759514e-01
7.189445501376690029e-02
2.115977199864425840e-01
2.813455742376929636e-01
2.501097040246157838e-02
2.645471431750149455e-02
7.179319580980485227e-02
2.934936980887580676e-02
1.147125293755726222e-02
1.099341547427929028e-01
6.992846479920702962e-02
1.122534665354475991e-01
1.795745804141713961e-02
6.099312416234782715e-03
4.914297811158122725e-02
1.179240974155775001e+00
6.281554456560968502e-02
1.241324764769345390e-01
2.923194988325164903e-02
1.267208109001337069e-01
6.889142145729161559e-02
8.071498465432707867e-03
7.480014020522697538e-02
5.605691680421183432e-02
1.044703603389739027e-01
5.894919591804928527e-02
2.961118684574737259e-02
2.162045993151534562e-02
4.369667154079118210e-03
1.291739737459493886e+00
7.629761551648621687e-01
6.214174836012820169e-01
5.882257278046263416e-01
7.497732010804402103e-01
7.145637897881935707e-01
1.486065240800244380e+00
2.241920240078896676e+00
1.199006576719326533e+00
1.161399174740480378e+00
9.033794972952337021e-01
1.239735234234977446e+00
5.786065143051758453e-01
8.912744590697522229e-01
7.337251019444845923e-01
9.667144155158086116e-01
3.955787814144761105e-01
9.072660801254980312e-01
2.291089819199161770e+00
1.214015285062242100e+00
1.005518294732450801e+00
6.076581902271922520e-01
5.463246169489512916e-01
6.784996661692932474e-01
1.079862403979802821e+00
1.617486525240289685e+00
9.673284793033203321e-01
6.307163622028367778e-01
9.262548748860135461e-01
7.296848536990442335e-01
9.955284824690646683e-01
7.980329913246450024e-01
1.402446162909861238e+00
1.160080402928826748e+00
6.167062849178752693e-01
1.104304512139693495e+00
1.347519835294842094e+00
1.716210363536950112e+00
9.319220829350427504e-01
8.379747556288257293e-01
1.328177276209992819e+00
4.335882015501757447e-01
8.454694998204064227e-01
8.953022689582073035e-01
1.181786501676319157e+00
7.044995540249924248e-01
5.367277916288927253e-01
1.308031755660827189e+00
4.923500686737078968e-01
1.101990633639251094e+00
5.594073994231434366e-01
4.371567057150743674e-01
1.249394913063216039e+00
1.557403084780224045e+00
7.112068589102612526e-01
1.252071637622956590e+00
9.143572903313803568e-01
8.078671707430605808e-01
8.111506839080159237e-01
6.599465546370442137e-01
1.083073589307668838e+00
1.616316906167021727e+00
3.115177179053792433e-01
