5.814773546573352020e-02
7.565006878099486340e-03
6.940038201778623260e-03
1.191586077465893630e-02
1.195899347444287844e-02
2.672793998239248597e-02
1.389078311472874763e-02
7.292062265768994248e-04
2.281304872706217332e-02
4.364658413938102104e-03
8.889681406448524115e-03
9.491111597561906199e-03
1.177478463743484097e-02
1.233133825332422689e-02
3.736208653138938310e-03
8.495805424306188125e-02
3.205212518096810063e-03
7.112305679997207170e-03
1.812703317613619317e-02
2.303090580248470624e-03
2.471335773124745498e-03
2.503436718157746668e-02
1.393840755113994606e-02
1.839294641106534525e-02
1.210979213217743206e-03
1.540661500683058408e-03
5.660211504609376915e-03
4.424571424726683744e-02
3.117041009203841331e-03
1.014375897204226051e-01
1.509796249880952963e-02
2.965880872737058135e-03
1.239166187663066172e-03
3.636606478534877215e-03
3.731682434484798194e-02
1.234753269190924131e-02
3.634090785674299467e-02
4.831977201800442823e-02
4.295515900936071156e-03
4.543472091525273260e-03
1.233014190243822243e-02
5.040615484638341637e-03
1.970133449603666577e-03
1.888067124765208105e-02
1.200988316884653295e-02
1.927900208105294208e-02
3.084108505830220059e-03
1.047528066569330171e-03
8.440074115511909600e-03
2.025290612083940900e-01
1.078827275254296524e-02
2.131916586798112898e-02
5.020449167638676123e-03
2.176370006609036969e-02
1.183177587858645109e-02
1.386241694933793966e-03
1.284657038385752376e-02
9.627510393049104262e-03
1.794229039463487302e-02
1.012424565455704271e-02
5.085581322705427960e-03
3.713211759757830549e-03
7.504696715125288783e-04
2.218501918494990011e-01
1.310375468767566720e-01
1.067255144033225495e-01
1.010249872942068916e-01
1.287700019436187893e-01
1.227229520437253252e-01
2.552246781699276101e-01
3.850392001959871968e-01
2.059237099859945741e-01
1.994648165247025207e-01
1.551511569830730797e-01
2.129186643267121926e-01
9.937293286063234032e-02
1.530721739071554399e-01
1.260138168012977511e-01
1.660286297049707316e-01
6.793878519289918427e-02
1.558186592062600073e-01
3.934838429089563272e-01
2.085013846744249444e-01
1.726930124742488137e-01
1.043624208278637611e-01
9.382866963634732549e-02
1.165291093432812009e-01
1.854612616974576633e-01
2.777956623400618663e-01
1.661340922568430023e-01
1.083225528329038873e-01
1.590798949168655552e-01
1.253199232696693144e-01
1.709773094553640460e-01
1.370583927191089957e-01
2.408634969394543857e-01
1.992383237019327569e-01
1.059163883065977613e-01
1.896590781981271345e-01
2.314301598935987747e-01
2.947510147466606001e-01
1.600532111015955106e-01
1.439182018716224365e-01
2.281081668330821044e-01
7.446672337166687639e-02
1.452053887472350147e-01
1.537639312097870692e-01
2.029662435233870188e-01
1.209944671406627398e-01
9.218046026671966597e-02
2.246482689379145359e-01
8.455879619155963478e-02
1.892616805069721464e-01
9.607557566366600743e-02
7.507959708812890487e-02
2.145776684891636532e-01
2.674766155487484087e-01
1.221464150388643505e-01
2.150373832752664749e-01
1.570365410279605245e-01
1.387473665327881578e-01
1.393112943926048397e-01
1.133427001669794210e-01
1.860127675932602143e-01
2.775947857948333208e-01
5.350169502236408470e-02
